         191
          50
         214
          93
         249
          82
         245
         180
          31
          20
         238
         232
          34
         249
         227
         123
          51
         181
          80
          85
         239
          90
           5
         227
         247
           0
          76
         204
           2
          58
         188
          21
         117
         138
          44
         223
         156
          53
          85
          69
         194
          12
          91
         249
           0
         183
         232
         243
         188
          25
          88
          81
          21
          78
         127
         139
          73
         237
         243
         164
          83
          22
          77
         102
          96
         196
         143
          10
         175
         214
          67
          33
          65
         217
           9
         104
           8
         104
          52
         235
         103
          61
          29
         154
          10
         108
          86
         125
         171
           0
         106
         251
          69
         197
         179
          74
         115
         137
          49
          38
         104
         203
         218
         197
         189
         164
         184
         193
          25
          67
         217
         166
         169
         248
           7
         189
         113
         167
         172
         186
         107
          70
         190
         166
          92
         112
         141
           1
          64
         232
          58
          81
         135
         204
         223
          29
         144
          20
         174
          66
         109
         252
         101
          17
         238
         102
          50
         184
         139
          47
